/*

U1 := E`Module[1];
U2 := E`Module[2];
stab1 := Stabiliser(SL(n, q), U1);
stab2 := Stabiliser(SL(n, q), U2);
stab := stab1 meet stab2;
haha := stab;
for i in [1..Ngens(KE)] do
   KKK := sub<SL(n, q)|KE.i>;
   time norma := Normaliser(SL(n, q), KKK);
   haha := haha meet norma;
end for;

A := Random(haha);




*/

E := MatrixGroup<6, GF(7) |
    \[ 4, 1, 3, 3, 4, 4, 2, 5, 5, 1, 4, 5, 2, 2, 1, 4, 2, 1, 5, 4, 1, 3, 1, 0,
    1, 4, 1, 3, 2, 2, 5, 2, 2, 4, 3, 1 ],
    \[ 5, 1, 2, 1, 0, 1, 0, 4, 6, 5, 4, 1, 4, 1, 3, 2, 3, 5, 0, 4, 5, 0, 2, 2,
    6, 5, 3, 1, 3, 3, 1, 3, 0, 5, 5, 6 ],
    \[ 4, 4, 1, 1, 2, 0, 0, 5, 3, 1, 4, 1, 0, 3, 5, 6, 3, 6, 4, 2, 0, 5, 4, 5,
    4, 1, 1, 2, 4, 3, 1, 4, 0, 1, 1, 4 ],
    \[ 5, 0, 3, 5, 0, 2, 2, 0, 0, 1, 0, 4, 2, 6, 5, 2, 0, 0, 4, 5, 0, 0, 2, 6,
    0, 1, 6, 6, 4, 0, 3, 0, 4, 6, 2, 4 ]
        /* order = 2^9 * 3^4 * 5^2 * 7^6 * 19 */ >;

g := MatrixGroup<6, GF(7) |
    \[ 5, 1, 6, 6, 0, 1, 1, 6, 4, 2, 5, 4, 6, 2, 4, 5, 2, 3, 2, 5, 3, 0, 6, 0,
    2, 6, 1, 6, 1, 3, 3, 1, 3, 3, 3, 6 ],
    \[ 3, 3, 3, 3, 1, 1, 6, 3, 6, 6, 6, 3, 2, 4, 0, 6, 4, 4, 1, 2, 2, 2, 3, 2,
    0, 0, 6, 3, 2, 0, 1, 2, 1, 0, 4, 3 ],
    \[ 1, 4, 4, 6, 2, 2, 3, 5, 6, 6, 3, 1, 3, 6, 2, 0, 3, 3, 6, 5, 1, 3, 1, 5,
    4, 1, 1, 5, 2, 5, 0, 0, 6, 5, 0, 2 ],
    \[ 2, 0, 0, 0, 0, 0, 0, 2, 0, 0, 0, 0, 0, 0, 2, 0, 0, 0, 0, 0, 0, 2, 0, 0,
    0, 0, 0, 0, 2, 0, 0, 0, 0, 0, 0, 2 ],
    \[ 5, 0, 0, 0, 0, 0, 0, 5, 0, 0, 0, 0, 0, 0, 5, 0, 0, 0, 0, 0, 0, 5, 0, 0,
    0, 0, 0, 0, 5, 0, 0, 0, 0, 0, 0, 5 ]
        /* order = 648 = 2^3 * 3^4 */ > ! [ GF(7) | 3, 3, 2, 3, 0, 4, 1, 1, 3,
4, 2, 1, 1, 1, 2, 1, 5, 1, 4, 6, 4, 2, 4, 2, 2, 0, 1, 6, 0, 1, 2, 0, 3, 2, 0, 6
];

/* -------------------------- */

A := SL(6, GF(5)) ! [ GF(5) | 4, 0, 0, 0, 0, 0, 0, 4, 0, 0, 0, 0, 0, 0, 4, 0, 0, 0,
0, 0, 0, 4, 0, 0, 0, 0, 0, 0, 4, 0, 0, 0, 0, 0, 0, 4 ];

E := MatrixGroup<6, GF(5) |
    \[ 2, 3, 3, 4, 2, 0, 2, 4, 3, 0, 4, 3, 2, 0, 3, 2, 3, 1, 3, 4, 0, 3, 0, 2,
    0, 2, 2, 2, 4, 1, 2, 4, 1, 1, 1, 1 ],
    \[ 2, 1, 4, 2, 4, 2, 1, 4, 4, 3, 2, 1, 2, 2, 4, 2, 3, 4, 3, 1, 3, 0, 3, 0,
    4, 3, 0, 3, 4, 3, 4, 3, 4, 1, 4, 1 ],
    \[ 0, 2, 2, 1, 2, 4, 2, 0, 1, 1, 4, 3, 4, 0, 3, 4, 0, 0, 4, 3, 2, 3, 3, 1,
    1, 1, 3, 2, 2, 2, 4, 1, 2, 0, 1, 3 ],
    \[ 1, 1, 4, 1, 1, 4, 4, 1, 4, 4, 4, 0, 1, 4, 3, 0, 3, 4, 4, 2, 1, 2, 0, 4,
    4, 2, 3, 1, 2, 1, 4, 4, 1, 3, 1, 3 ] >
>;